 KPT            1  SPIN            1  KWEIGHT    1.0000000000000000     
     1   -22.693  2.00000
     2   -22.632  2.00000
     3   -22.563  2.00000
     4   -22.502  2.00000
     5   -21.607  2.00000
     6   -21.514  2.00000
     7   -21.220  2.00000
     8   -21.186  2.00000
     9   -21.108  2.00000
    10   -20.950  2.00000
    11   -20.888  2.00000
    12   -20.787  2.00000
    13   -20.782  2.00000
    14   -20.776  2.00000
    15   -20.141  2.00000
    16   -20.123  2.00000
    17   -19.980  2.00000
    18   -19.976  2.00000
    19   -19.964  2.00000
    20   -19.958  2.00000
    21   -19.958  2.00000
    22   -19.830  2.00000
    23   -19.737  2.00000
    24   -19.439  2.00000
    25   -19.405  2.00000
    26   -19.375  2.00000
    27   -19.339  2.00000
    28   -19.222  2.00000
    29   -19.184  2.00000
    30   -19.065  2.00000
    31   -19.063  2.00000
    32   -19.044  2.00000
    33   -18.868  2.00000
    34   -18.851  2.00000
    35   -18.823  2.00000
    36   -18.803  2.00000
    37   -18.533  2.00000
    38   -18.533  2.00000
    39   -18.527  2.00000
    40   -18.514  2.00000
    41   -17.611  2.00000
    42   -17.580  2.00000
    43   -17.564  2.00000
    44   -17.557  2.00000
    45   -17.530  2.00000
    46   -17.484  2.00000
    47   -17.395  2.00000
    48   -17.393  2.00000
    49   -17.372  2.00000
    50   -17.367  2.00000
    51   -17.367  2.00000
    52   -17.289  2.00000
    53   -17.277  2.00000
    54   -17.178  2.00000
    55   -17.161  2.00000
    56   -17.157  2.00000
    57   -17.142  2.00000
    58   -16.976  2.00000
    59   -16.950  2.00000
    60   -16.904  2.00000
    61   -16.878  2.00000
    62   -16.858  2.00000
    63   -16.855  2.00000
    64   -16.842  2.00000
    65   -16.834  2.00000
    66   -16.324  2.00000
    67   -16.306  2.00000
    68   -16.138  2.00000
    69   -16.121  2.00000
    70   -16.114  2.00000
    71   -16.087  2.00000
    72   -16.065  2.00000
    73   -15.896  2.00000
    74   -15.877  2.00000
    75   -15.534  2.00000
    76   -15.492  2.00000
    77   -15.337  2.00000
    78   -15.324  2.00000
    79   -15.321  2.00000
    80   -14.668  2.00000
    81   -14.624  2.00000
    82   -14.411  2.00000
    83   -14.375  2.00000
    84   -14.238  2.00000
    85   -14.218  2.00000
    86   -14.203  2.00000
    87   -14.192  2.00000
    88   -14.190  2.00000
    89   -14.014  2.00000
    90   -14.012  2.00000
    91   -13.970  2.00000
    92   -13.961  2.00000
    93   -13.957  2.00000
    94   -13.754  2.00000
    95   -13.748  2.00000
    96   -13.678  2.00000
    97   -13.677  2.00000
    98   -13.661  2.00000
    99   -13.648  2.00000
   100   -13.646  2.00000
   101   -13.565  2.00000
   102   -13.546  2.00000
   103   -13.529  2.00000
   104   -13.520  2.00000
   105   -13.479  2.00000
   106   -13.456  2.00000
   107   -13.176  2.00000
   108   -13.160  2.00000
   109   -12.991  2.00000
   110   -12.971  2.00000
   111   -12.603  2.00000
   112   -12.563  2.00000
   113   -12.544  2.00000
   114   -12.515  2.00000
   115   -12.495  2.00000
   116   -12.446  2.00000
   117   -12.200  2.00000
   118   -12.110  2.00000
   119   -12.095  2.00000
   120   -12.085  2.00000
   121   -12.081  2.00000
   122   -11.916  2.00000
   123   -11.912  2.00000
   124   -11.906  2.00000
   125   -11.903  2.00000
   126   -11.899  2.00000
   127   -11.859  2.00000
   128   -11.805  2.00000
   129   -11.363  2.00000
   130   -11.356  2.00000
   131   -11.341  2.00000
   132   -11.332  2.00000
   133   -11.233  2.00000
   134   -11.204  2.00000
   135   -11.088  2.00000
   136   -11.029  2.00000
   137   -11.014  2.00000
   138   -10.983  2.00000
   139   -10.950  2.00000
   140   -10.928  2.00000
   141   -10.919  2.00000
   142   -10.913  2.00000
   143   -10.909  2.00000
   144   -10.890  2.00000
   145   -10.861  2.00000
   146   -10.780  2.00000
   147   -10.760  2.00000
   148   -10.708  2.00000
   149   -10.545  2.00000
   150   -10.525  2.00000
   151   -10.500  2.00000
   152   -10.491  2.00000
   153   -10.489  2.00000
   154   -10.417  2.00000
   155   -10.395  2.00000
   156   -10.309  2.00000
   157   -10.293  2.00000
   158   -10.289  2.00000
   159   -10.279  2.00000
   160   -10.267  2.00000
   161   -10.258  2.00000
   162   -10.229  2.00000
   163   -10.216  2.00000
   164   -10.188  2.00000
   165   -10.091  2.00000
   166   -10.047  2.00000
   167   -10.034  2.00000
   168   -10.016  2.00000
   169    -9.996  2.00000
   170    -9.990  2.00000
   171    -9.978  2.00000
   172    -9.951  2.00000
   173    -9.935  2.00000
   174    -9.762  2.00000
   175    -9.709  2.00000
   176    -9.677  2.00000
   177    -9.665  2.00000
   178    -9.661  2.00000
   179    -9.651  2.00000
   180    -9.634  2.00000
   181    -9.632  2.00000
   182    -9.626  2.00000
   183    -9.524  2.00000
   184    -9.518  2.00000
   185    -9.509  2.00000
   186    -9.493  2.00000
   187    -9.489  2.00000
   188    -9.484  2.00000
   189    -9.480  2.00000
   190    -9.474  2.00000
   191    -9.465  2.00000
   192    -9.462  2.00000
   193    -9.461  2.00000
   194    -9.447  2.00000
   195    -9.403  2.00000
   196    -9.396  2.00000
   197    -9.368  2.00000
   198    -9.363  2.00000
   199    -9.362  2.00000
   200    -9.306  2.00000
   201    -9.295  2.00000
   202    -9.254  2.00000
   203    -9.239  2.00000
   204    -9.216  2.00000
   205    -9.212  2.00000
   206    -9.072  2.00000
   207    -9.040  2.00000
   208    -9.021  2.00000
   209    -9.003  2.00000
   210    -8.941  2.00000
   211    -8.866  2.00000
   212    -8.819  2.00000
   213    -8.803  2.00000
   214    -8.801  2.00000
   215    -8.783  2.00000
   216    -8.782  2.00000
   217    -8.754  2.00000
   218    -8.733  2.00000
   219    -8.660  2.00000
   220    -8.559  2.00000
   221    -8.507  2.00000
   222    -8.504  2.00000
   223    -8.500  2.00000
   224    -8.491  2.00000
   225    -8.483  2.00000
   226    -8.361  2.00000
   227    -8.312  2.00000
   228    -8.289  2.00000
   229    -8.267  2.00000
   230    -8.217  2.00000
   231    -8.126  2.00000
   232    -8.104  2.00000
   233    -8.058  2.00000
   234    -8.037  2.00000
   235    -8.021  2.00000
   236    -8.012  2.00000
   237    -8.003  2.00000
   238    -7.991  2.00000
   239    -7.980  2.00000
   240    -7.979  2.00000
   241    -7.970  2.00000
   242    -7.926  2.00000
   243    -7.888  2.00000
   244    -7.883  2.00000
   245    -7.875  2.00000
   246    -7.871  2.00000
   247    -7.868  2.00000
   248    -7.857  2.00000
   249    -7.853  2.00000
   250    -7.851  2.00000
   251    -7.836  2.00000
   252    -7.830  2.00000
   253    -7.811  2.00000
   254    -7.760  2.00000
   255    -7.744  2.00000
   256    -7.620  2.00000
   257    -7.602  2.00000
   258    -7.597  2.00000
   259    -7.546  2.00000
   260    -7.542  2.00000
   261    -7.387  2.00000
   262    -7.376  2.00000
   263    -7.140  2.00000
   264    -7.098  2.00000
   265    -7.039  2.00000
   266    -7.017  2.00000
   267    -6.979  2.00000
   268    -6.913  2.00000
   269    -6.874  2.00000
   270    -6.801  2.00000
   271    -6.722  2.00000
   272    -6.696  2.00000
   273    -6.656  2.00000
   274    -6.637  2.00000
   275    -6.635  2.00000
   276    -6.627  2.00000
   277    -6.619  2.00000
   278    -6.607  2.00000
   279    -6.600  2.00000
   280    -6.595  2.00000
   281    -6.579  2.00000
   282    -6.577  2.00000
   283    -6.553  2.00000
   284    -6.548  2.00000
   285    -6.515  2.00000
   286    -6.445  2.00000
   287    -6.430  2.00000
   288    -6.412  2.00000
   289    -6.409  2.00000
   290    -6.400  2.00000
   291    -6.290  2.00000
   292    -6.176  2.00000
   293    -6.154  2.00000
   294    -6.113  2.00000
   295    -6.102  2.00000
   296    -6.014  2.00000
   297    -5.979  2.00000
   298    -5.860  2.00000
   299    -5.836  2.00000
   300    -5.707  2.00000
   301    -5.699  2.00000
   302    -5.692  2.00000
   303    -5.669  2.00000
   304    -5.633  2.00000
   305    -5.100  2.00000
   306    -5.051  2.00000
   307    -4.032  0.00000
   308    -4.019  0.00000
   309    -4.009  0.00000
   310    -3.957  0.00000
   311    -3.904  0.00000
   312    -3.658  0.00000
   313    -3.536  0.00000
   314    -3.298  0.00000
   315    -3.280  0.00000
   316    -3.253  0.00000
   317    -2.648  0.00000
   318    -2.614  0.00000
   319    -2.498  0.00000
   320    -2.461  0.00000
   321    -2.295  0.00000
   322    -2.256  0.00000
   323    -2.042  0.00000
   324    -2.018  0.00000
   325    -2.009  0.00000
   326    -2.007  0.00000
   327    -1.986  0.00000
   328    -1.955  0.00000
   329    -1.944  0.00000
   330    -1.931  0.00000
   331    -1.926  0.00000
   332    -1.883  0.00000
   333    -1.872  0.00000
   334    -1.839  0.00000
   335    -1.030  0.00000
   336    -1.009  0.00000
   337    -0.998  0.00000
   338    -0.995  0.00000
   339    -0.987  0.00000
   340    -0.983  0.00000
   341    -0.950  0.00000
   342    -0.948  0.00000
   343    -0.929  0.00000
   344    -0.729  0.00000
   345    -0.712  0.00000
   346    -0.465  0.00000
   347    -0.451  0.00000
   348    -0.443  0.00000
   349    -0.429  0.00000
   350    -0.358  0.00000
   351    -0.351  0.00000
   352    -0.101  0.00000
   353    -0.077  0.00000
   354     0.162  0.00000
   355     0.220  0.00000
   356     0.243  0.00000
   357     0.266  0.00000
   358     0.352  0.00000
   359     0.376  0.00000
   360     0.395  0.00000
   361     0.635  0.00000
   362     0.667  0.00000
   363     1.160  0.00000
   364     1.198  0.00000
   365     1.747  0.00000
   366     1.773  0.00000
   367     1.833  0.00000
   368     1.871  0.00000
   369     2.113  0.00000
   370     2.156  0.00000
   371     2.381  0.00000
   372     2.426  0.00000
   373     2.449  0.00000
   374     2.486  0.00000
   375     4.826  0.00000
   376     4.888  0.00000
   377     4.919  0.00000
   378     4.969  0.00000
   379     5.073  0.00000
   380     5.086  0.00000
   381     5.141  0.00000
   382     5.149  0.00000
   383     5.318  0.00000
   384     5.387  0.00000
   385     5.566  0.00000
   386     5.595  0.00000
   387     5.789  0.00000
   388     5.793  0.00000
   389     5.918  0.00000
   390     5.923  0.00000
   391     7.023  0.00000
   392     7.043  0.00000
   393     7.051  0.00000
   394     7.120  0.00000
   395     7.156  0.00000
   396     7.384  0.00000
   397     7.414  0.00000
   398     7.516  0.00000
   399     7.609  0.00000
   400     7.611  0.00000
   401     7.617  0.00000
   402     7.626  0.00000
   403     7.672  0.00000
   404     7.721  0.00000
   405     7.819  0.00000
   406     8.256  0.00000
   407     8.283  0.00000
   408     8.354  0.00000
   409     8.385  0.00000
   410     8.417  0.00000
   411     8.497  0.00000
   412     8.546  0.00000
   413     8.600  0.00000
   414     8.666  0.00000
   415     9.117  0.00000
   416     9.135  0.00000
   417     9.155  0.00000
   418     9.177  0.00000
   419     9.186  0.00000
   420     9.743  0.00000
   421     9.981  0.00000
   422    10.432  0.00000
   423    10.448  0.00000
   424    10.455  0.00000
   425    10.461  0.00000
   426    10.465  0.00000
   427    10.470  0.00000
   428    10.670  0.00000
   429    10.707  0.00000
   430    10.737  0.00000
   431    10.749  0.00000
   432    10.774  0.00000
   433    10.960  0.00000
   434    11.379  0.00000
   435    11.488  0.00000
   436    11.522  0.00000
   437    11.556  0.00000
   438    11.676  0.00000
   439    11.707  0.00000
   440    11.836  0.00000
   441    11.954  0.00000
   442    12.102  0.00000
   443    12.191  0.00000
   444    12.269  0.00000
   445    12.297  0.00000
   446    12.332  0.00000
   447    12.429  0.00000
   448    12.506  0.00000
   449    12.629  0.00000
   450    12.725  0.00000
   451    12.818  0.00000
   452    12.845  0.00000
   453    12.887  0.00000
   454    12.986  0.00000
   455    12.995  0.00000
   456    13.102  0.00000
   457    13.158  0.00000
   458    13.161  0.00000
   459    13.263  0.00000
   460    13.336  0.00000
   461    13.350  0.00000
   462    13.354  0.00000
   463    13.362  0.00000
   464    13.388  0.00000
   465    13.472  0.00000
   466    13.498  0.00000
   467    13.561  0.00000
   468    13.604  0.00000
   469    13.683  0.00000
   470    13.737  0.00000
   471    13.766  0.00000
   472    13.881  0.00000
   473    13.983  0.00000
   474    14.003  0.00000
   475    14.133  0.00000
   476    14.195  0.00000
   477    14.387  0.00000
   478    14.629  0.00000
   479    14.771  0.00000
   480    14.891  0.00000
   481    14.899  0.00000
   482    14.915  0.00000
   483    14.982  0.00000
   484    15.002  0.00000
   485    15.009  0.00000
   486    15.049  0.00000
   487    15.053  0.00000
   488    15.121  0.00000
   489    15.213  0.00000
   490    15.245  0.00000
   491    15.317  0.00000
   492    15.341  0.00000
   493    15.452  0.00000
   494    15.550  0.00000
   495    15.647  0.00000
   496    15.723  0.00000
   497    15.860  0.00000
   498    16.034  0.00000
   499    16.127  0.00000
   500    16.170  0.00000
   501    16.208  0.00000
   502    16.307  0.00000
   503    16.332  0.00000
   504    16.458  0.00000
   505    16.513  0.00000
   506    16.595  0.00000
   507    16.644  0.00000
   508    16.651  0.00000
   509    16.907  0.00000
   510    16.968  0.00000
   511    17.132  0.00000
   512    17.271  0.00000
   513    17.342  0.00000
   514    17.434  0.00000
   515    17.477  0.00000
   516    17.506  0.00000
   517    17.520  0.00000
   518    17.553  0.00000
   519    17.613  0.00000
   520    17.642  0.00000
   521    17.672  0.00000
   522    17.719  0.00000
   523    17.792  0.00000
   524    18.136  0.00000
   525    18.246  0.00000
   526    18.406  0.00000
   527    18.469  0.00000
   528    18.475  0.00000
   529    18.487  0.00000
   530    18.503  0.00000
   531    18.521  0.00000
   532    18.541  0.00000
   533    18.579  0.00000
   534    18.592  0.00000
   535    18.719  0.00000
   536    18.730  0.00000
   537    18.735  0.00000
   538    18.751  0.00000
   539    18.758  0.00000
   540    18.808  0.00000
   541    18.817  0.00000
   542    18.925  0.00000
   543    18.961  0.00000
   544    19.016  0.00000
   545    19.020  0.00000
   546    19.090  0.00000
   547    19.356  0.00000
   548    19.412  0.00000
   549    19.690  0.00000
   550    19.778  0.00000
   551    19.854  0.00000
   552    19.872  0.00000
   553    20.059  0.00000
   554    20.136  0.00000
   555    20.157  0.00000
   556    20.237  0.00000
   557    20.310  0.00000
   558    20.357  0.00000
   559    20.422  0.00000
   560    20.556  0.00000
   561    20.602  0.00000
   562    20.642  0.00000
   563    20.700  0.00000
   564    20.769  0.00000
   565    20.810  0.00000
   566    21.781  0.00000
   567    21.978  0.00000
   568    22.092  0.00000
   569    22.115  0.00000
   570    22.486  0.00000
   571    22.627  0.00000
   572    22.789  0.00000
   573    22.921  0.00000
   574    22.949  0.00000
   575    22.978  0.00000
   576    23.002  0.00000
   577    23.014  0.00000
   578    23.407  0.00000
   579    23.442  0.00000
   580    23.473  0.00000
   581    23.683  0.00000
   582    23.957  0.00000
   583    24.017  0.00000
   584    24.257  0.00000
   585    24.321  0.00000
   586    24.391  0.00000
   587    24.614  0.00000
   588    24.738  0.00000
   589    24.917  0.00000
   590    25.071  0.00000
   591    25.428  0.00000
   592    25.489  0.00000
   593    26.115  0.00000
   594    26.126  0.00000
   595    26.158  0.00000
   596    26.302  0.00000

