 KPT            1  SPIN            1  KWEIGHT    1.0000000000000000     
     1   -23.108  2.00000
     2   -23.023  2.00000
     3   -22.989  2.00000
     4   -22.903  2.00000
     5   -22.084  2.00000
     6   -22.038  2.00000
     7   -21.513  2.00000
     8   -21.486  2.00000
     9   -21.444  2.00000
    10   -21.436  2.00000
    11   -21.397  2.00000
    12   -21.063  2.00000
    13   -21.056  2.00000
    14   -21.056  2.00000
    15   -20.349  2.00000
    16   -20.335  2.00000
    17   -20.215  2.00000
    18   -20.210  2.00000
    19   -20.206  2.00000
    20   -20.201  2.00000
    21   -20.200  2.00000
    22   -20.197  2.00000
    23   -20.163  2.00000
    24   -19.526  2.00000
    25   -19.505  2.00000
    26   -19.394  2.00000
    27   -19.364  2.00000
    28   -19.341  2.00000
    29   -19.316  2.00000
    30   -19.229  2.00000
    31   -19.223  2.00000
    32   -19.223  2.00000
    33   -18.953  2.00000
    34   -18.942  2.00000
    35   -18.938  2.00000
    36   -18.873  2.00000
    37   -18.733  2.00000
    38   -18.728  2.00000
    39   -18.727  2.00000
    40   -18.721  2.00000
    41   -17.673  2.00000
    42   -17.629  2.00000
    43   -17.509  2.00000
    44   -17.507  2.00000
    45   -17.504  2.00000
    46   -17.501  2.00000
    47   -17.498  2.00000
    48   -17.460  2.00000
    49   -17.433  2.00000
    50   -17.390  2.00000
    51   -17.354  2.00000
    52   -17.343  2.00000
    53   -17.322  2.00000
    54   -17.293  2.00000
    55   -17.286  2.00000
    56   -17.280  2.00000
    57   -17.277  2.00000
    58   -17.134  2.00000
    59   -17.092  2.00000
    60   -17.063  2.00000
    61   -17.013  2.00000
    62   -16.899  2.00000
    63   -16.892  2.00000
    64   -16.860  2.00000
    65   -16.808  2.00000
    66   -16.397  2.00000
    67   -16.391  2.00000
    68   -16.173  2.00000
    69   -16.161  2.00000
    70   -16.148  2.00000
    71   -16.137  2.00000
    72   -16.124  2.00000
    73   -15.785  2.00000
    74   -15.778  2.00000
    75   -15.696  2.00000
    76   -15.677  2.00000
    77   -15.413  2.00000
    78   -15.402  2.00000
    79   -15.400  2.00000
    80   -14.704  2.00000
    81   -14.681  2.00000
    82   -14.415  2.00000
    83   -14.391  2.00000
    84   -14.361  2.00000
    85   -14.358  2.00000
    86   -14.357  2.00000
    87   -14.194  2.00000
    88   -14.183  2.00000
    89   -14.102  2.00000
    90   -14.094  2.00000
    91   -13.969  2.00000
    92   -13.966  2.00000
    93   -13.939  2.00000
    94   -13.912  2.00000
    95   -13.901  2.00000
    96   -13.813  2.00000
    97   -13.785  2.00000
    98   -13.752  2.00000
    99   -13.742  2.00000
   100   -13.730  2.00000
   101   -13.725  2.00000
   102   -13.718  2.00000
   103   -13.664  2.00000
   104   -13.656  2.00000
   105   -13.546  2.00000
   106   -13.529  2.00000
   107   -13.299  2.00000
   108   -13.271  2.00000
   109   -13.223  2.00000
   110   -13.206  2.00000
   111   -12.778  2.00000
   112   -12.745  2.00000
   113   -12.664  2.00000
   114   -12.644  2.00000
   115   -12.506  2.00000
   116   -12.482  2.00000
   117   -12.428  2.00000
   118   -12.209  2.00000
   119   -12.197  2.00000
   120   -12.195  2.00000
   121   -12.189  2.00000
   122   -11.925  2.00000
   123   -11.901  2.00000
   124   -11.882  2.00000
   125   -11.877  2.00000
   126   -11.873  2.00000
   127   -11.865  2.00000
   128   -11.855  2.00000
   129   -11.534  2.00000
   130   -11.518  2.00000
   131   -11.513  2.00000
   132   -11.472  2.00000
   133   -11.378  2.00000
   134   -11.329  2.00000
   135   -11.302  2.00000
   136   -11.272  2.00000
   137   -11.254  2.00000
   138   -11.215  2.00000
   139   -11.102  2.00000
   140   -11.084  2.00000
   141   -11.077  2.00000
   142   -11.064  2.00000
   143   -11.059  2.00000
   144   -11.055  2.00000
   145   -11.042  2.00000
   146   -11.038  2.00000
   147   -10.941  2.00000
   148   -10.896  2.00000
   149   -10.882  2.00000
   150   -10.869  2.00000
   151   -10.654  2.00000
   152   -10.651  2.00000
   153   -10.647  2.00000
   154   -10.588  2.00000
   155   -10.574  2.00000
   156   -10.572  2.00000
   157   -10.543  2.00000
   158   -10.498  2.00000
   159   -10.407  2.00000
   160   -10.384  2.00000
   161   -10.350  2.00000
   162   -10.341  2.00000
   163   -10.339  2.00000
   164   -10.333  2.00000
   165   -10.324  2.00000
   166   -10.182  2.00000
   167   -10.126  2.00000
   168   -10.113  2.00000
   169   -10.064  2.00000
   170   -10.022  2.00000
   171    -9.974  2.00000
   172    -9.964  2.00000
   173    -9.957  2.00000
   174    -9.949  2.00000
   175    -9.848  2.00000
   176    -9.773  2.00000
   177    -9.750  2.00000
   178    -9.748  2.00000
   179    -9.747  2.00000
   180    -9.740  2.00000
   181    -9.734  2.00000
   182    -9.733  2.00000
   183    -9.722  2.00000
   184    -9.710  2.00000
   185    -9.685  2.00000
   186    -9.604  2.00000
   187    -9.602  2.00000
   188    -9.598  2.00000
   189    -9.597  2.00000
   190    -9.564  2.00000
   191    -9.560  2.00000
   192    -9.547  2.00000
   193    -9.529  2.00000
   194    -9.524  2.00000
   195    -9.521  2.00000
   196    -9.517  2.00000
   197    -9.515  2.00000
   198    -9.498  2.00000
   199    -9.483  2.00000
   200    -9.478  2.00000
   201    -9.475  2.00000
   202    -9.415  2.00000
   203    -9.361  2.00000
   204    -9.320  2.00000
   205    -9.297  2.00000
   206    -9.267  2.00000
   207    -9.240  2.00000
   208    -9.197  2.00000
   209    -9.186  2.00000
   210    -9.135  2.00000
   211    -9.101  2.00000
   212    -8.897  2.00000
   213    -8.843  2.00000
   214    -8.825  2.00000
   215    -8.824  2.00000
   216    -8.819  2.00000
   217    -8.816  2.00000
   218    -8.795  2.00000
   219    -8.755  2.00000
   220    -8.643  2.00000
   221    -8.575  2.00000
   222    -8.520  2.00000
   223    -8.509  2.00000
   224    -8.493  2.00000
   225    -8.491  2.00000
   226    -8.483  2.00000
   227    -8.482  2.00000
   228    -8.463  2.00000
   229    -8.321  2.00000
   230    -8.288  2.00000
   231    -8.148  2.00000
   232    -8.125  2.00000
   233    -8.053  2.00000
   234    -8.050  2.00000
   235    -8.034  2.00000
   236    -8.031  2.00000
   237    -8.023  2.00000
   238    -8.019  2.00000
   239    -7.999  2.00000
   240    -7.995  2.00000
   241    -7.987  2.00000
   242    -7.985  2.00000
   243    -7.979  2.00000
   244    -7.975  2.00000
   245    -7.957  2.00000
   246    -7.911  2.00000
   247    -7.865  2.00000
   248    -7.854  2.00000
   249    -7.833  2.00000
   250    -7.819  2.00000
   251    -7.814  2.00000
   252    -7.811  2.00000
   253    -7.809  2.00000
   254    -7.803  2.00000
   255    -7.797  2.00000
   256    -7.784  2.00000
   257    -7.697  2.00000
   258    -7.640  2.00000
   259    -7.611  2.00000
   260    -7.595  2.00000
   261    -7.118  2.00000
   262    -7.103  2.00000
   263    -7.065  2.00000
   264    -7.053  2.00000
   265    -7.040  2.00000
   266    -7.009  2.00000
   267    -6.814  2.00000
   268    -6.791  2.00000
   269    -6.749  2.00000
   270    -6.718  2.00000
   271    -6.702  2.00000
   272    -6.679  2.00000
   273    -6.675  2.00000
   274    -6.664  2.00000
   275    -6.662  2.00000
   276    -6.658  2.00000
   277    -6.652  2.00000
   278    -6.646  2.00000
   279    -6.641  2.00000
   280    -6.636  2.00000
   281    -6.630  2.00000
   282    -6.621  2.00000
   283    -6.590  2.00000
   284    -6.543  2.00000
   285    -6.501  2.00000
   286    -6.489  2.00000
   287    -6.466  2.00000
   288    -6.427  2.00000
   289    -6.406  2.00000
   290    -6.304  2.00000
   291    -6.292  2.00000
   292    -6.219  2.00000
   293    -6.214  2.00000
   294    -6.153  2.00000
   295    -6.144  2.00000
   296    -6.133  2.00000
   297    -6.121  2.00000
   298    -6.046  2.00000
   299    -6.032  2.00000
   300    -5.696  2.00000
   301    -5.684  2.00000
   302    -5.678  2.00000
   303    -5.673  2.00000
   304    -5.660  2.00000
   305    -4.796  2.00000
   306    -4.754  2.00000
   307    -3.823  0.00000
   308    -3.803  0.00000
   309    -3.795  0.00000
   310    -3.527  0.00000
   311    -3.459  0.00000
   312    -3.370  0.00000
   313    -3.314  0.00000
   314    -3.000  0.00000
   315    -2.995  0.00000
   316    -2.983  0.00000
   317    -2.389  0.00000
   318    -2.361  0.00000
   319    -2.086  0.00000
   320    -2.045  0.00000
   321    -1.875  0.00000
   322    -1.843  0.00000
   323    -1.748  0.00000
   324    -1.696  0.00000
   325    -1.669  0.00000
   326    -1.658  0.00000
   327    -1.653  0.00000
   328    -1.644  0.00000
   329    -1.639  0.00000
   330    -1.631  0.00000
   331    -1.607  0.00000
   332    -1.551  0.00000
   333    -1.544  0.00000
   334    -1.542  0.00000
   335    -0.969  0.00000
   336    -0.926  0.00000
   337    -0.728  0.00000
   338    -0.703  0.00000
   339    -0.695  0.00000
   340    -0.666  0.00000
   341    -0.502  0.00000
   342    -0.500  0.00000
   343    -0.493  0.00000
   344    -0.489  0.00000
   345    -0.470  0.00000
   346     0.142  0.00000
   347     0.166  0.00000
   348     0.166  0.00000
   349     0.177  0.00000
   350     0.264  0.00000
   351     0.314  0.00000
   352     0.363  0.00000
   353     0.394  0.00000
   354     0.977  0.00000
   355     1.020  0.00000
   356     1.048  0.00000
   357     1.055  0.00000
   358     1.148  0.00000
   359     1.199  0.00000
   360     1.217  0.00000
   361     1.525  0.00000
   362     1.600  0.00000
   363     1.623  0.00000
   364     1.644  0.00000
   365     2.041  0.00000
   366     2.064  0.00000
   367     2.636  0.00000
   368     2.662  0.00000
   369     2.679  0.00000
   370     2.712  0.00000
   371     2.730  0.00000
   372     2.758  0.00000
   373     2.781  0.00000
   374     2.867  0.00000
   375     7.024  0.00000
   376     7.588  0.00000
   377     8.095  0.00000
   378     8.220  0.00000
   379     8.247  0.00000
   380     8.261  0.00000
   381     8.268  0.00000
   382     8.291  0.00000
   383     8.480  0.00000
   384     8.559  0.00000
   385     8.579  0.00000
   386     8.757  0.00000
   387     8.827  0.00000
   388     8.850  0.00000
   389     8.863  0.00000
   390     8.920  0.00000
   391     9.163  0.00000
   392     9.232  0.00000
   393     9.421  0.00000
   394     9.432  0.00000
   395     9.908  0.00000
   396     9.991  0.00000
   397    10.367  0.00000
   398    10.493  0.00000
   399    10.573  0.00000
   400    10.647  0.00000
   401    10.666  0.00000
   402    10.686  0.00000
   403    10.701  0.00000
   404    10.748  0.00000
   405    10.770  0.00000
   406    11.231  0.00000
   407    11.430  0.00000
   408    11.444  0.00000
   409    11.527  0.00000
   410    11.574  0.00000
   411    11.814  0.00000
   412    12.010  0.00000
   413    12.023  0.00000
   414    12.089  0.00000
   415    12.151  0.00000
   416    12.170  0.00000
   417    12.521  0.00000
   418    12.533  0.00000
   419    12.575  0.00000
   420    12.586  0.00000
   421    12.601  0.00000
   422    12.611  0.00000
   423    12.815  0.00000
   424    12.913  0.00000
   425    12.963  0.00000
   426    13.048  0.00000
   427    13.519  0.00000
   428    13.632  0.00000
   429    13.768  0.00000
   430    13.809  0.00000
   431    13.890  0.00000
   432    13.994  0.00000
   433    14.095  0.00000
   434    14.135  0.00000
   435    14.197  0.00000
   436    14.218  0.00000
   437    14.225  0.00000
   438    14.310  0.00000
   439    14.359  0.00000
   440    14.439  0.00000
   441    14.442  0.00000
   442    14.482  0.00000
   443    14.679  0.00000
   444    14.816  0.00000
   445    14.922  0.00000
   446    15.039  0.00000
   447    15.044  0.00000
   448    15.180  0.00000
   449    15.187  0.00000
   450    15.297  0.00000
   451    15.383  0.00000
   452    15.540  0.00000
   453    15.607  0.00000
   454    15.683  0.00000
   455    15.727  0.00000
   456    15.758  0.00000
   457    15.796  0.00000
   458    15.810  0.00000
   459    15.817  0.00000
   460    15.834  0.00000
   461    15.921  0.00000
   462    16.019  0.00000
   463    16.055  0.00000
   464    16.083  0.00000
   465    16.100  0.00000
   466    16.141  0.00000
   467    16.210  0.00000
   468    16.399  0.00000
   469    16.660  0.00000
   470    16.670  0.00000
   471    16.685  0.00000
   472    16.689  0.00000
   473    16.735  0.00000
   474    16.775  0.00000
   475    16.785  0.00000
   476    16.811  0.00000
   477    16.817  0.00000
   478    16.844  0.00000
   479    17.001  0.00000
   480    17.079  0.00000
   481    17.091  0.00000
   482    17.723  0.00000
   483    17.749  0.00000
   484    17.819  0.00000
   485    17.834  0.00000
   486    17.843  0.00000
   487    17.863  0.00000
   488    17.900  0.00000
   489    17.957  0.00000
   490    18.030  0.00000
   491    18.139  0.00000
   492    18.284  0.00000
   493    18.309  0.00000
   494    18.363  0.00000
   495    18.538  0.00000
   496    18.565  0.00000
   497    18.633  0.00000
   498    18.834  0.00000
   499    19.264  0.00000
   500    19.339  0.00000
   501    19.417  0.00000
   502    19.501  0.00000
   503    19.527  0.00000
   504    19.543  0.00000
   505    19.606  0.00000
   506    19.633  0.00000
   507    19.649  0.00000
   508    19.751  0.00000
   509    19.837  0.00000
   510    19.921  0.00000
   511    19.934  0.00000
   512    19.953  0.00000
   513    19.973  0.00000
   514    20.063  0.00000
   515    20.357  0.00000
   516    20.491  0.00000
   517    20.554  0.00000
   518    20.569  0.00000
   519    20.578  0.00000
   520    20.619  0.00000
   521    20.854  0.00000
   522    20.933  0.00000
   523    20.988  0.00000
   524    21.013  0.00000
   525    21.015  0.00000
   526    21.091  0.00000
   527    21.144  0.00000
   528    21.321  0.00000
   529    21.485  0.00000
   530    21.717  0.00000
   531    21.800  0.00000
   532    21.821  0.00000
   533    21.830  0.00000
   534    21.838  0.00000
   535    21.897  0.00000
   536    21.914  0.00000
   537    21.940  0.00000
   538    21.978  0.00000
   539    21.984  0.00000
   540    22.042  0.00000
   541    22.064  0.00000
   542    22.151  0.00000
   543    22.259  0.00000
   544    22.260  0.00000
   545    22.269  0.00000
   546    22.474  0.00000
   547    22.587  0.00000
   548    22.643  0.00000
   549    22.681  0.00000
   550    22.869  0.00000
   551    22.978  0.00000
   552    23.018  0.00000
   553    23.242  0.00000
   554    23.386  0.00000
   555    23.395  0.00000
   556    23.696  0.00000
   557    23.773  0.00000
   558    23.775  0.00000
   559    23.947  0.00000
   560    23.960  0.00000
   561    24.023  0.00000
   562    24.050  0.00000
   563    24.111  0.00000
   564    24.132  0.00000
   565    24.215  0.00000
   566    24.506  0.00000
   567    24.579  0.00000
   568    24.721  0.00000
   569    24.737  0.00000
   570    24.747  0.00000
   571    24.807  0.00000
   572    25.003  0.00000
   573    25.183  0.00000
   574    26.633  0.00000
   575    26.944  0.00000
   576    27.157  0.00000
   577    27.172  0.00000
   578    27.181  0.00000
   579    27.222  0.00000
   580    27.239  0.00000
   581    27.353  0.00000
   582    27.630  0.00000
   583    27.673  0.00000
   584    27.745  0.00000
   585    28.992  0.00000
   586    29.085  0.00000
   587    29.384  0.00000
   588    29.500  0.00000
   589    30.419  0.00000
   590    30.957  0.00000
   591    31.001  0.00000
   592    31.420  0.00000
   593    32.543  0.00000
   594    33.005  0.00000
   595    33.756  0.00000
   596    33.976  0.00000

