 KPT            1  SPIN            1  KWEIGHT    1.0000000000000000     
     1   -22.677  2.00000
     2   -22.520  2.00000
     3   -22.455  2.00000
     4   -22.315  2.00000
     5   -21.956  2.00000
     6   -21.852  2.00000
     7   -21.224  2.00000
     8   -21.181  2.00000
     9   -21.146  2.00000
    10   -21.127  2.00000
    11   -21.097  2.00000
    12   -20.711  2.00000
    13   -20.695  2.00000
    14   -20.693  2.00000
    15   -20.056  2.00000
    16   -20.038  2.00000
    17   -19.987  2.00000
    18   -19.918  2.00000
    19   -19.889  2.00000
    20   -19.884  2.00000
    21   -19.878  2.00000
    22   -19.877  2.00000
    23   -19.876  2.00000
    24   -19.681  2.00000
    25   -19.654  2.00000
    26   -19.612  2.00000
    27   -19.591  2.00000
    28   -19.380  2.00000
    29   -19.362  2.00000
    30   -19.222  2.00000
    31   -19.195  2.00000
    32   -19.163  2.00000
    33   -19.108  2.00000
    34   -18.965  2.00000
    35   -18.941  2.00000
    36   -18.932  2.00000
    37   -18.464  2.00000
    38   -18.457  2.00000
    39   -18.444  2.00000
    40   -18.441  2.00000
    41   -17.820  2.00000
    42   -17.777  2.00000
    43   -17.610  2.00000
    44   -17.572  2.00000
    45   -17.564  2.00000
    46   -17.505  2.00000
    47   -17.410  2.00000
    48   -17.390  2.00000
    49   -17.364  2.00000
    50   -17.348  2.00000
    51   -17.309  2.00000
    52   -17.307  2.00000
    53   -17.295  2.00000
    54   -17.293  2.00000
    55   -17.269  2.00000
    56   -17.262  2.00000
    57   -17.257  2.00000
    58   -17.104  2.00000
    59   -17.096  2.00000
    60   -17.080  2.00000
    61   -17.043  2.00000
    62   -17.027  2.00000
    63   -17.012  2.00000
    64   -16.975  2.00000
    65   -16.969  2.00000
    66   -16.261  2.00000
    67   -16.252  2.00000
    68   -16.086  2.00000
    69   -16.061  2.00000
    70   -16.001  2.00000
    71   -15.973  2.00000
    72   -15.958  2.00000
    73   -15.530  2.00000
    74   -15.515  2.00000
    75   -15.496  2.00000
    76   -15.451  2.00000
    77   -15.226  2.00000
    78   -15.223  2.00000
    79   -15.190  2.00000
    80   -14.539  2.00000
    81   -14.486  2.00000
    82   -14.284  2.00000
    83   -14.243  2.00000
    84   -14.124  2.00000
    85   -14.120  2.00000
    86   -14.107  2.00000
    87   -14.097  2.00000
    88   -14.086  2.00000
    89   -14.061  2.00000
    90   -14.056  2.00000
    91   -13.935  2.00000
    92   -13.933  2.00000
    93   -13.929  2.00000
    94   -13.837  2.00000
    95   -13.818  2.00000
    96   -13.656  2.00000
    97   -13.650  2.00000
    98   -13.616  2.00000
    99   -13.608  2.00000
   100   -13.587  2.00000
   101   -13.562  2.00000
   102   -13.544  2.00000
   103   -13.504  2.00000
   104   -13.486  2.00000
   105   -13.319  2.00000
   106   -13.316  2.00000
   107   -13.287  2.00000
   108   -13.273  2.00000
   109   -13.042  2.00000
   110   -13.023  2.00000
   111   -12.818  2.00000
   112   -12.749  2.00000
   113   -12.412  2.00000
   114   -12.398  2.00000
   115   -12.213  2.00000
   116   -12.182  2.00000
   117   -12.112  2.00000
   118   -11.998  2.00000
   119   -11.996  2.00000
   120   -11.990  2.00000
   121   -11.979  2.00000
   122   -11.828  2.00000
   123   -11.814  2.00000
   124   -11.796  2.00000
   125   -11.790  2.00000
   126   -11.778  2.00000
   127   -11.599  2.00000
   128   -11.585  2.00000
   129   -11.520  2.00000
   130   -11.492  2.00000
   131   -11.482  2.00000
   132   -11.478  2.00000
   133   -11.226  2.00000
   134   -11.195  2.00000
   135   -11.159  2.00000
   136   -11.061  2.00000
   137   -11.041  2.00000
   138   -11.031  2.00000
   139   -11.026  2.00000
   140   -10.938  2.00000
   141   -10.839  2.00000
   142   -10.836  2.00000
   143   -10.826  2.00000
   144   -10.812  2.00000
   145   -10.780  2.00000
   146   -10.740  2.00000
   147   -10.701  2.00000
   148   -10.682  2.00000
   149   -10.539  2.00000
   150   -10.494  2.00000
   151   -10.490  2.00000
   152   -10.454  2.00000
   153   -10.448  2.00000
   154   -10.432  2.00000
   155   -10.419  2.00000
   156   -10.410  2.00000
   157   -10.249  2.00000
   158   -10.237  2.00000
   159   -10.228  2.00000
   160   -10.214  2.00000
   161   -10.210  2.00000
   162   -10.198  2.00000
   163   -10.184  2.00000
   164   -10.171  2.00000
   165   -10.167  2.00000
   166   -10.165  2.00000
   167   -10.159  2.00000
   168   -10.153  2.00000
   169   -10.150  2.00000
   170   -10.123  2.00000
   171   -10.114  2.00000
   172   -10.097  2.00000
   173   -10.085  2.00000
   174   -10.005  2.00000
   175    -9.939  2.00000
   176    -9.888  2.00000
   177    -9.842  2.00000
   178    -9.840  2.00000
   179    -9.799  2.00000
   180    -9.680  2.00000
   181    -9.646  2.00000
   182    -9.626  2.00000
   183    -9.617  2.00000
   184    -9.596  2.00000
   185    -9.564  2.00000
   186    -9.523  2.00000
   187    -9.510  2.00000
   188    -9.469  2.00000
   189    -9.456  2.00000
   190    -9.448  2.00000
   191    -9.430  2.00000
   192    -9.422  2.00000
   193    -9.415  2.00000
   194    -9.412  2.00000
   195    -9.386  2.00000
   196    -9.377  2.00000
   197    -9.371  2.00000
   198    -9.340  2.00000
   199    -9.328  2.00000
   200    -9.286  2.00000
   201    -9.275  2.00000
   202    -9.267  2.00000
   203    -9.256  2.00000
   204    -9.245  2.00000
   205    -9.244  2.00000
   206    -9.242  2.00000
   207    -9.146  2.00000
   208    -9.137  2.00000
   209    -9.116  2.00000
   210    -9.047  2.00000
   211    -9.041  2.00000
   212    -9.010  2.00000
   213    -8.988  2.00000
   214    -8.912  2.00000
   215    -8.861  2.00000
   216    -8.822  2.00000
   217    -8.759  2.00000
   218    -8.748  2.00000
   219    -8.702  2.00000
   220    -8.674  2.00000
   221    -8.668  2.00000
   222    -8.432  2.00000
   223    -8.383  2.00000
   224    -8.369  2.00000
   225    -8.351  2.00000
   226    -8.321  2.00000
   227    -8.315  2.00000
   228    -8.233  2.00000
   229    -8.162  2.00000
   230    -8.156  2.00000
   231    -8.146  2.00000
   232    -8.131  2.00000
   233    -8.097  2.00000
   234    -8.064  2.00000
   235    -7.977  2.00000
   236    -7.959  2.00000
   237    -7.956  2.00000
   238    -7.933  2.00000
   239    -7.918  2.00000
   240    -7.912  2.00000
   241    -7.912  2.00000
   242    -7.880  2.00000
   243    -7.880  2.00000
   244    -7.876  2.00000
   245    -7.867  2.00000
   246    -7.841  2.00000
   247    -7.822  2.00000
   248    -7.814  2.00000
   249    -7.797  2.00000
   250    -7.788  2.00000
   251    -7.776  2.00000
   252    -7.771  2.00000
   253    -7.766  2.00000
   254    -7.758  2.00000
   255    -7.729  2.00000
   256    -7.719  2.00000
   257    -7.706  2.00000
   258    -7.688  2.00000
   259    -7.669  2.00000
   260    -7.589  2.00000
   261    -7.386  2.00000
   262    -7.376  2.00000
   263    -7.337  2.00000
   264    -7.305  2.00000
   265    -7.289  2.00000
   266    -7.272  2.00000
   267    -7.029  2.00000
   268    -7.010  2.00000
   269    -6.928  2.00000
   270    -6.902  2.00000
   271    -6.837  2.00000
   272    -6.812  2.00000
   273    -6.783  2.00000
   274    -6.769  2.00000
   275    -6.749  2.00000
   276    -6.720  2.00000
   277    -6.626  2.00000
   278    -6.610  2.00000
   279    -6.589  2.00000
   280    -6.580  2.00000
   281    -6.574  2.00000
   282    -6.560  2.00000
   283    -6.556  2.00000
   284    -6.536  2.00000
   285    -6.508  2.00000
   286    -6.480  2.00000
   287    -6.474  2.00000
   288    -6.467  2.00000
   289    -6.441  2.00000
   290    -6.411  2.00000
   291    -6.400  2.00000
   292    -6.356  2.00000
   293    -6.339  2.00000
   294    -6.329  2.00000
   295    -6.318  2.00000
   296    -6.178  2.00000
   297    -6.156  2.00000
   298    -6.004  2.00000
   299    -5.896  2.00000
   300    -5.689  2.00000
   301    -5.670  2.00000
   302    -5.573  2.00000
   303    -5.538  2.00000
   304    -5.423  2.00000
   305    -4.890  2.00000
   306    -4.827  2.00000
   307    -3.891  0.00000
   308    -3.860  0.00000
   309    -3.822  0.00000
   310    -3.669  0.00000
   311    -3.505  0.00000
   312    -3.487  0.00000
   313    -3.399  0.00000
   314    -3.186  0.00000
   315    -3.073  0.00000
   316    -3.053  0.00000
   317    -2.388  0.00000
   318    -2.365  0.00000
   319    -2.000  0.00000
   320    -1.970  0.00000
   321    -1.934  0.00000
   322    -1.927  0.00000
   323    -1.910  0.00000
   324    -1.867  0.00000
   325    -1.852  0.00000
   326    -1.827  0.00000
   327    -1.815  0.00000
   328    -1.752  0.00000
   329    -1.736  0.00000
   330    -1.688  0.00000
   331    -1.575  0.00000
   332    -1.558  0.00000
   333    -1.526  0.00000
   334    -1.501  0.00000
   335    -0.895  0.00000
   336    -0.874  0.00000
   337    -0.859  0.00000
   338    -0.833  0.00000
   339    -0.815  0.00000
   340    -0.682  0.00000
   341    -0.640  0.00000
   342    -0.537  0.00000
   343    -0.506  0.00000
   344    -0.488  0.00000
   345    -0.464  0.00000
   346    -0.302  0.00000
   347    -0.298  0.00000
   348    -0.286  0.00000
   349    -0.265  0.00000
   350     0.115  0.00000
   351     0.154  0.00000
   352     0.293  0.00000
   353     0.310  0.00000
   354     0.327  0.00000
   355     0.353  0.00000
   356     0.412  0.00000
   357     0.432  0.00000
   358     0.502  0.00000
   359     0.523  0.00000
   360     0.802  0.00000
   361     1.279  0.00000
   362     1.308  0.00000
   363     1.575  0.00000
   364     1.682  0.00000
   365     2.194  0.00000
   366     2.272  0.00000
   367     2.819  0.00000
   368     2.866  0.00000
   369     3.105  0.00000
   370     3.161  0.00000
   371     3.196  0.00000
   372     3.264  0.00000
   373     3.325  0.00000
   374     3.385  0.00000
   375     6.285  0.00000
   376     6.305  0.00000
   377     6.379  0.00000
   378     6.398  0.00000
   379     6.760  0.00000
   380     6.804  0.00000
   381     6.960  0.00000
   382     7.016  0.00000
   383     7.033  0.00000
   384     7.100  0.00000
   385     7.111  0.00000
   386     7.123  0.00000
   387     7.137  0.00000
   388     7.150  0.00000
   389     7.242  0.00000
   390     7.572  0.00000
   391     7.694  0.00000
   392     7.713  0.00000
   393     7.847  0.00000
   394     8.117  0.00000
   395     8.148  0.00000
   396     8.331  0.00000
   397     8.345  0.00000
   398     8.450  0.00000
   399     9.099  0.00000
   400     9.126  0.00000
   401     9.275  0.00000
   402     9.292  0.00000
   403     9.321  0.00000
   404     9.638  0.00000
   405     9.662  0.00000
   406     9.681  0.00000
   407     9.693  0.00000
   408    10.275  0.00000
   409    10.407  0.00000
   410    10.429  0.00000
   411    10.456  0.00000
   412    10.487  0.00000
   413    10.502  0.00000
   414    10.540  0.00000
   415    10.600  0.00000
   416    10.698  0.00000
   417    10.720  0.00000
   418    10.765  0.00000
   419    10.801  0.00000
   420    10.812  0.00000
   421    10.825  0.00000
   422    10.828  0.00000
   423    10.832  0.00000
   424    10.843  0.00000
   425    11.121  0.00000
   426    11.128  0.00000
   427    11.360  0.00000
   428    11.431  0.00000
   429    11.819  0.00000
   430    12.125  0.00000
   431    12.293  0.00000
   432    12.331  0.00000
   433    12.359  0.00000
   434    12.386  0.00000
   435    12.511  0.00000
   436    12.595  0.00000
   437    12.827  0.00000
   438    12.892  0.00000
   439    13.019  0.00000
   440    13.082  0.00000
   441    13.183  0.00000
   442    13.243  0.00000
   443    13.291  0.00000
   444    13.365  0.00000
   445    13.391  0.00000
   446    13.417  0.00000
   447    13.573  0.00000
   448    13.610  0.00000
   449    13.708  0.00000
   450    13.946  0.00000
   451    13.965  0.00000
   452    14.028  0.00000
   453    14.103  0.00000
   454    14.157  0.00000
   455    14.261  0.00000
   456    14.287  0.00000
   457    14.301  0.00000
   458    14.382  0.00000
   459    14.548  0.00000
   460    14.644  0.00000
   461    14.717  0.00000
   462    14.827  0.00000
   463    14.905  0.00000
   464    15.083  0.00000
   465    15.129  0.00000
   466    15.146  0.00000
   467    15.150  0.00000
   468    15.195  0.00000
   469    15.224  0.00000
   470    15.230  0.00000
   471    15.512  0.00000
   472    15.551  0.00000
   473    15.597  0.00000
   474    15.885  0.00000
   475    15.932  0.00000
   476    15.945  0.00000
   477    16.002  0.00000
   478    16.136  0.00000
   479    16.157  0.00000
   480    16.409  0.00000
   481    16.756  0.00000
   482    16.806  0.00000
   483    16.854  0.00000
   484    17.000  0.00000
   485    17.122  0.00000
   486    17.146  0.00000
   487    17.331  0.00000
   488    17.495  0.00000
   489    17.529  0.00000
   490    17.556  0.00000
   491    17.579  0.00000
   492    17.583  0.00000
   493    17.629  0.00000
   494    17.654  0.00000
   495    17.793  0.00000
   496    17.822  0.00000
   497    17.857  0.00000
   498    17.869  0.00000
   499    17.936  0.00000
   500    18.027  0.00000
   501    18.098  0.00000
   502    18.187  0.00000
   503    18.302  0.00000
   504    18.352  0.00000
   505    18.504  0.00000
   506    18.529  0.00000
   507    18.570  0.00000
   508    18.620  0.00000
   509    18.647  0.00000
   510    18.664  0.00000
   511    18.704  0.00000
   512    18.719  0.00000
   513    18.850  0.00000
   514    18.869  0.00000
   515    18.884  0.00000
   516    18.901  0.00000
   517    18.928  0.00000
   518    19.034  0.00000
   519    19.126  0.00000
   520    19.196  0.00000
   521    19.266  0.00000
   522    19.270  0.00000
   523    19.288  0.00000
   524    19.358  0.00000
   525    19.431  0.00000
   526    19.520  0.00000
   527    19.549  0.00000
   528    19.570  0.00000
   529    19.838  0.00000
   530    19.875  0.00000
   531    20.011  0.00000
   532    20.052  0.00000
   533    20.264  0.00000
   534    20.338  0.00000
   535    20.351  0.00000
   536    20.427  0.00000
   537    20.575  0.00000
   538    20.638  0.00000
   539    20.717  0.00000
   540    20.755  0.00000
   541    20.896  0.00000
   542    20.951  0.00000
   543    20.957  0.00000
   544    21.052  0.00000
   545    21.082  0.00000
   546    21.422  0.00000
   547    21.480  0.00000
   548    21.493  0.00000
   549    21.578  0.00000
   550    21.602  0.00000
   551    21.632  0.00000
   552    21.730  0.00000
   553    21.799  0.00000
   554    21.837  0.00000
   555    21.940  0.00000
   556    22.037  0.00000
   557    22.143  0.00000
   558    23.097  0.00000
   559    23.181  0.00000
   560    23.297  0.00000
   561    23.391  0.00000
   562    23.464  0.00000
   563    23.625  0.00000
   564    23.695  0.00000
   565    23.766  0.00000
   566    23.787  0.00000
   567    23.938  0.00000
   568    23.948  0.00000
   569    23.968  0.00000
   570    23.985  0.00000
   571    24.132  0.00000
   572    24.602  0.00000
   573    26.344  0.00000
   574    26.425  0.00000
   575    26.541  0.00000
   576    26.560  0.00000
   577    27.306  0.00000
   578    27.324  0.00000
   579    27.618  0.00000
   580    27.881  0.00000
   581    28.241  0.00000
   582    28.262  0.00000
   583    28.344  0.00000
   584    28.603  0.00000
   585    28.704  0.00000
   586    28.797  0.00000
   587    28.979  0.00000
   588    29.056  0.00000
   589    29.294  0.00000
   590    29.560  0.00000
   591    29.954  0.00000
   592    30.119  0.00000
   593    30.462  0.00000
   594    30.684  0.00000
   595    31.046  0.00000
   596    31.241  0.00000

