 KPT            1  SPIN            1  KWEIGHT    1.0000000000000000     
     1   -22.726  2.00000
     2   -22.666  2.00000
     3   -22.622  2.00000
     4   -22.567  2.00000
     5   -21.638  2.00000
     6   -21.575  2.00000
     7   -21.309  2.00000
     8   -21.207  2.00000
     9   -21.159  2.00000
    10   -21.017  2.00000
    11   -20.963  2.00000
    12   -20.872  2.00000
    13   -20.868  2.00000
    14   -20.866  2.00000
    15   -20.203  2.00000
    16   -20.192  2.00000
    17   -20.041  2.00000
    18   -20.041  2.00000
    19   -20.038  2.00000
    20   -20.037  2.00000
    21   -20.031  2.00000
    22   -19.835  2.00000
    23   -19.784  2.00000
    24   -19.494  2.00000
    25   -19.488  2.00000
    26   -19.412  2.00000
    27   -19.406  2.00000
    28   -19.278  2.00000
    29   -19.242  2.00000
    30   -19.104  2.00000
    31   -19.102  2.00000
    32   -19.092  2.00000
    33   -18.944  2.00000
    34   -18.898  2.00000
    35   -18.858  2.00000
    36   -18.824  2.00000
    37   -18.590  2.00000
    38   -18.587  2.00000
    39   -18.585  2.00000
    40   -18.578  2.00000
    41   -17.658  2.00000
    42   -17.631  2.00000
    43   -17.565  2.00000
    44   -17.513  2.00000
    45   -17.492  2.00000
    46   -17.444  2.00000
    47   -17.413  2.00000
    48   -17.404  2.00000
    49   -17.402  2.00000
    50   -17.397  2.00000
    51   -17.394  2.00000
    52   -17.373  2.00000
    53   -17.346  2.00000
    54   -17.193  2.00000
    55   -17.191  2.00000
    56   -17.189  2.00000
    57   -17.176  2.00000
    58   -17.073  2.00000
    59   -17.029  2.00000
    60   -16.997  2.00000
    61   -16.958  2.00000
    62   -16.895  2.00000
    63   -16.876  2.00000
    64   -16.840  2.00000
    65   -16.838  2.00000
    66   -16.392  2.00000
    67   -16.379  2.00000
    68   -16.117  2.00000
    69   -16.109  2.00000
    70   -16.094  2.00000
    71   -16.091  2.00000
    72   -16.084  2.00000
    73   -15.950  2.00000
    74   -15.937  2.00000
    75   -15.567  2.00000
    76   -15.537  2.00000
    77   -15.334  2.00000
    78   -15.329  2.00000
    79   -15.322  2.00000
    80   -14.666  2.00000
    81   -14.623  2.00000
    82   -14.416  2.00000
    83   -14.378  2.00000
    84   -14.282  2.00000
    85   -14.267  2.00000
    86   -14.242  2.00000
    87   -14.238  2.00000
    88   -14.229  2.00000
    89   -14.025  2.00000
    90   -14.017  2.00000
    91   -13.966  2.00000
    92   -13.945  2.00000
    93   -13.938  2.00000
    94   -13.814  2.00000
    95   -13.801  2.00000
    96   -13.678  2.00000
    97   -13.675  2.00000
    98   -13.673  2.00000
    99   -13.668  2.00000
   100   -13.661  2.00000
   101   -13.630  2.00000
   102   -13.614  2.00000
   103   -13.584  2.00000
   104   -13.575  2.00000
   105   -13.533  2.00000
   106   -13.522  2.00000
   107   -13.260  2.00000
   108   -13.251  2.00000
   109   -13.060  2.00000
   110   -13.053  2.00000
   111   -12.598  2.00000
   112   -12.590  2.00000
   113   -12.565  2.00000
   114   -12.541  2.00000
   115   -12.512  2.00000
   116   -12.503  2.00000
   117   -12.266  2.00000
   118   -12.110  2.00000
   119   -12.109  2.00000
   120   -12.104  2.00000
   121   -12.103  2.00000
   122   -11.876  2.00000
   123   -11.868  2.00000
   124   -11.864  2.00000
   125   -11.862  2.00000
   126   -11.860  2.00000
   127   -11.794  2.00000
   128   -11.770  2.00000
   129   -11.453  2.00000
   130   -11.439  2.00000
   131   -11.359  2.00000
   132   -11.351  2.00000
   133   -11.332  2.00000
   134   -11.325  2.00000
   135   -11.112  2.00000
   136   -11.080  2.00000
   137   -11.075  2.00000
   138   -11.010  2.00000
   139   -10.998  2.00000
   140   -10.991  2.00000
   141   -10.967  2.00000
   142   -10.957  2.00000
   143   -10.947  2.00000
   144   -10.946  2.00000
   145   -10.943  2.00000
   146   -10.862  2.00000
   147   -10.855  2.00000
   148   -10.800  2.00000
   149   -10.632  2.00000
   150   -10.587  2.00000
   151   -10.540  2.00000
   152   -10.534  2.00000
   153   -10.533  2.00000
   154   -10.516  2.00000
   155   -10.507  2.00000
   156   -10.360  2.00000
   157   -10.350  2.00000
   158   -10.347  2.00000
   159   -10.317  2.00000
   160   -10.297  2.00000
   161   -10.285  2.00000
   162   -10.276  2.00000
   163   -10.272  2.00000
   164   -10.263  2.00000
   165   -10.126  2.00000
   166   -10.118  2.00000
   167   -10.106  2.00000
   168   -10.076  2.00000
   169   -10.053  2.00000
   170    -9.989  2.00000
   171    -9.974  2.00000
   172    -9.958  2.00000
   173    -9.942  2.00000
   174    -9.826  2.00000
   175    -9.745  2.00000
   176    -9.675  2.00000
   177    -9.671  2.00000
   178    -9.661  2.00000
   179    -9.658  2.00000
   180    -9.648  2.00000
   181    -9.633  2.00000
   182    -9.626  2.00000
   183    -9.570  2.00000
   184    -9.562  2.00000
   185    -9.527  2.00000
   186    -9.512  2.00000
   187    -9.505  2.00000
   188    -9.491  2.00000
   189    -9.485  2.00000
   190    -9.481  2.00000
   191    -9.478  2.00000
   192    -9.471  2.00000
   193    -9.464  2.00000
   194    -9.458  2.00000
   195    -9.452  2.00000
   196    -9.449  2.00000
   197    -9.443  2.00000
   198    -9.440  2.00000
   199    -9.431  2.00000
   200    -9.379  2.00000
   201    -9.336  2.00000
   202    -9.313  2.00000
   203    -9.308  2.00000
   204    -9.254  2.00000
   205    -9.229  2.00000
   206    -9.177  2.00000
   207    -9.162  2.00000
   208    -9.108  2.00000
   209    -9.097  2.00000
   210    -9.084  2.00000
   211    -9.032  2.00000
   212    -8.971  2.00000
   213    -8.892  2.00000
   214    -8.786  2.00000
   215    -8.773  2.00000
   216    -8.768  2.00000
   217    -8.763  2.00000
   218    -8.726  2.00000
   219    -8.715  2.00000
   220    -8.677  2.00000
   221    -8.567  2.00000
   222    -8.560  2.00000
   223    -8.552  2.00000
   224    -8.539  2.00000
   225    -8.519  2.00000
   226    -8.401  2.00000
   227    -8.368  2.00000
   228    -8.323  2.00000
   229    -8.294  2.00000
   230    -8.204  2.00000
   231    -8.197  2.00000
   232    -8.185  2.00000
   233    -8.133  2.00000
   234    -8.117  2.00000
   235    -7.978  2.00000
   236    -7.972  2.00000
   237    -7.968  2.00000
   238    -7.957  2.00000
   239    -7.952  2.00000
   240    -7.945  2.00000
   241    -7.938  2.00000
   242    -7.925  2.00000
   243    -7.916  2.00000
   244    -7.905  2.00000
   245    -7.902  2.00000
   246    -7.886  2.00000
   247    -7.880  2.00000
   248    -7.876  2.00000
   249    -7.822  2.00000
   250    -7.819  2.00000
   251    -7.803  2.00000
   252    -7.799  2.00000
   253    -7.790  2.00000
   254    -7.781  2.00000
   255    -7.691  2.00000
   256    -7.629  2.00000
   257    -7.626  2.00000
   258    -7.599  2.00000
   259    -7.575  2.00000
   260    -7.554  2.00000
   261    -7.299  2.00000
   262    -7.289  2.00000
   263    -7.152  2.00000
   264    -7.050  2.00000
   265    -7.045  2.00000
   266    -7.029  2.00000
   267    -6.950  2.00000
   268    -6.911  2.00000
   269    -6.787  2.00000
   270    -6.727  2.00000
   271    -6.721  2.00000
   272    -6.693  2.00000
   273    -6.661  2.00000
   274    -6.641  2.00000
   275    -6.622  2.00000
   276    -6.617  2.00000
   277    -6.614  2.00000
   278    -6.603  2.00000
   279    -6.601  2.00000
   280    -6.594  2.00000
   281    -6.590  2.00000
   282    -6.579  2.00000
   283    -6.569  2.00000
   284    -6.534  2.00000
   285    -6.531  2.00000
   286    -6.477  2.00000
   287    -6.439  2.00000
   288    -6.416  2.00000
   289    -6.392  2.00000
   290    -6.218  2.00000
   291    -6.213  2.00000
   292    -6.146  2.00000
   293    -6.118  2.00000
   294    -6.064  2.00000
   295    -6.053  2.00000
   296    -5.991  2.00000
   297    -5.978  2.00000
   298    -5.865  2.00000
   299    -5.830  2.00000
   300    -5.692  2.00000
   301    -5.689  2.00000
   302    -5.646  2.00000
   303    -5.642  2.00000
   304    -5.552  2.00000
   305    -5.041  2.00000
   306    -5.014  2.00000
   307    -3.921  0.00000
   308    -3.897  0.00000
   309    -3.891  0.00000
   310    -3.845  0.00000
   311    -3.780  0.00000
   312    -3.585  0.00000
   313    -3.463  0.00000
   314    -3.150  0.00000
   315    -3.118  0.00000
   316    -3.108  0.00000
   317    -2.545  0.00000
   318    -2.505  0.00000
   319    -2.299  0.00000
   320    -2.220  0.00000
   321    -2.084  0.00000
   322    -1.995  0.00000
   323    -1.844  0.00000
   324    -1.840  0.00000
   325    -1.839  0.00000
   326    -1.837  0.00000
   327    -1.827  0.00000
   328    -1.775  0.00000
   329    -1.758  0.00000
   330    -1.753  0.00000
   331    -1.739  0.00000
   332    -1.722  0.00000
   333    -1.688  0.00000
   334    -1.672  0.00000
   335    -0.963  0.00000
   336    -0.952  0.00000
   337    -0.917  0.00000
   338    -0.880  0.00000
   339    -0.776  0.00000
   340    -0.765  0.00000
   341    -0.764  0.00000
   342    -0.761  0.00000
   343    -0.751  0.00000
   344    -0.651  0.00000
   345    -0.644  0.00000
   346    -0.230  0.00000
   347    -0.186  0.00000
   348    -0.176  0.00000
   349    -0.169  0.00000
   350    -0.161  0.00000
   351    -0.130  0.00000
   352     0.028  0.00000
   353     0.047  0.00000
   354     0.557  0.00000
   355     0.574  0.00000
   356     0.585  0.00000
   357     0.605  0.00000
   358     0.696  0.00000
   359     0.718  0.00000
   360     0.758  0.00000
   361     0.881  0.00000
   362     0.912  0.00000
   363     1.374  0.00000
   364     1.387  0.00000
   365     1.982  0.00000
   366     2.015  0.00000
   367     2.097  0.00000
   368     2.141  0.00000
   369     2.375  0.00000
   370     2.422  0.00000
   371     2.684  0.00000
   372     2.711  0.00000
   373     2.750  0.00000
   374     2.786  0.00000
   375     6.994  0.00000
   376     7.014  0.00000
   377     7.037  0.00000
   378     7.050  0.00000
   379     7.507  0.00000
   380     7.530  0.00000
   381     7.539  0.00000
   382     7.545  0.00000
   383     7.546  0.00000
   384     7.624  0.00000
   385     7.652  0.00000
   386     7.669  0.00000
   387     7.722  0.00000
   388     7.756  0.00000
   389     7.811  0.00000
   390     8.110  0.00000
   391     8.122  0.00000
   392     8.131  0.00000
   393     8.351  0.00000
   394     8.442  0.00000
   395     8.450  0.00000
   396     8.469  0.00000
   397     8.562  0.00000
   398     8.580  0.00000
   399     9.557  0.00000
   400     9.584  0.00000
   401     9.689  0.00000
   402     9.746  0.00000
   403     9.753  0.00000
   404     9.777  0.00000
   405     9.783  0.00000
   406     9.801  0.00000
   407     9.818  0.00000
   408    10.100  0.00000
   409    10.126  0.00000
   410    10.301  0.00000
   411    10.335  0.00000
   412    10.610  0.00000
   413    10.640  0.00000
   414    11.093  0.00000
   415    11.114  0.00000
   416    11.118  0.00000
   417    11.120  0.00000
   418    11.128  0.00000
   419    11.164  0.00000
   420    11.229  0.00000
   421    11.438  0.00000
   422    11.446  0.00000
   423    11.456  0.00000
   424    11.496  0.00000
   425    11.504  0.00000
   426    11.548  0.00000
   427    11.895  0.00000
   428    11.994  0.00000
   429    12.056  0.00000
   430    12.168  0.00000
   431    12.410  0.00000
   432    12.420  0.00000
   433    12.570  0.00000
   434    12.636  0.00000
   435    12.675  0.00000
   436    12.712  0.00000
   437    12.725  0.00000
   438    12.802  0.00000
   439    12.833  0.00000
   440    12.890  0.00000
   441    13.012  0.00000
   442    13.028  0.00000
   443    13.038  0.00000
   444    13.047  0.00000
   445    13.064  0.00000
   446    13.324  0.00000
   447    13.359  0.00000
   448    13.500  0.00000
   449    13.512  0.00000
   450    13.638  0.00000
   451    13.667  0.00000
   452    13.833  0.00000
   453    13.866  0.00000
   454    14.142  0.00000
   455    14.174  0.00000
   456    14.216  0.00000
   457    14.293  0.00000
   458    14.349  0.00000
   459    14.391  0.00000
   460    14.396  0.00000
   461    14.412  0.00000
   462    14.422  0.00000
   463    14.465  0.00000
   464    14.548  0.00000
   465    14.839  0.00000
   466    14.845  0.00000
   467    14.939  0.00000
   468    14.947  0.00000
   469    14.957  0.00000
   470    15.023  0.00000
   471    15.051  0.00000
   472    15.186  0.00000
   473    15.213  0.00000
   474    15.297  0.00000
   475    15.312  0.00000
   476    15.576  0.00000
   477    15.582  0.00000
   478    15.829  0.00000
   479    15.864  0.00000
   480    16.037  0.00000
   481    16.070  0.00000
   482    16.104  0.00000
   483    16.127  0.00000
   484    16.134  0.00000
   485    16.155  0.00000
   486    16.236  0.00000
   487    16.251  0.00000
   488    16.259  0.00000
   489    16.429  0.00000
   490    16.467  0.00000
   491    16.533  0.00000
   492    16.569  0.00000
   493    16.640  0.00000
   494    16.657  0.00000
   495    16.660  0.00000
   496    16.982  0.00000
   497    17.060  0.00000
   498    17.308  0.00000
   499    17.420  0.00000
   500    17.458  0.00000
   501    17.523  0.00000
   502    17.586  0.00000
   503    17.615  0.00000
   504    17.686  0.00000
   505    17.731  0.00000
   506    17.763  0.00000
   507    17.829  0.00000
   508    17.861  0.00000
   509    17.876  0.00000
   510    17.895  0.00000
   511    18.137  0.00000
   512    18.147  0.00000
   513    18.240  0.00000
   514    18.284  0.00000
   515    18.364  0.00000
   516    18.378  0.00000
   517    18.724  0.00000
   518    18.731  0.00000
   519    18.796  0.00000
   520    18.878  0.00000
   521    19.000  0.00000
   522    19.014  0.00000
   523    19.039  0.00000
   524    19.045  0.00000
   525    19.070  0.00000
   526    19.202  0.00000
   527    19.222  0.00000
   528    19.828  0.00000
   529    19.869  0.00000
   530    19.885  0.00000
   531    19.904  0.00000
   532    19.933  0.00000
   533    19.979  0.00000
   534    19.987  0.00000
   535    20.011  0.00000
   536    20.040  0.00000
   537    20.090  0.00000
   538    20.157  0.00000
   539    20.188  0.00000
   540    20.208  0.00000
   541    20.211  0.00000
   542    20.225  0.00000
   543    20.267  0.00000
   544    20.425  0.00000
   545    20.481  0.00000
   546    20.524  0.00000
   547    20.527  0.00000
   548    20.533  0.00000
   549    20.852  0.00000
   550    20.960  0.00000
   551    21.241  0.00000
   552    21.260  0.00000
   553    21.268  0.00000
   554    21.389  0.00000
   555    21.405  0.00000
   556    21.711  0.00000
   557    21.740  0.00000
   558    21.820  0.00000
   559    21.829  0.00000
   560    21.871  0.00000
   561    21.896  0.00000
   562    22.293  0.00000
   563    22.352  0.00000
   564    22.372  0.00000
   565    22.410  0.00000
   566    23.155  0.00000
   567    23.225  0.00000
   568    23.345  0.00000
   569    23.459  0.00000
   570    23.985  0.00000
   571    24.074  0.00000
   572    24.256  0.00000
   573    24.265  0.00000
   574    24.646  0.00000
   575    24.711  0.00000
   576    24.727  0.00000
   577    24.764  0.00000
   578    25.052  0.00000
   579    25.081  0.00000
   580    25.159  0.00000
   581    25.222  0.00000
   582    25.274  0.00000
   583    25.459  0.00000
   584    25.729  0.00000
   585    25.733  0.00000
   586    25.754  0.00000
   587    25.952  0.00000
   588    25.978  0.00000
   589    26.209  0.00000
   590    26.322  0.00000
   591    26.491  0.00000
   592    26.511  0.00000
   593    26.588  0.00000
   594    26.696  0.00000
   595    26.861  0.00000
   596    26.870  0.00000

